5
12
1
49
5
73
5
3
5
4
3
444
14
145
27
3
17
5
3
3
6
18
3
4
1
274
1
13
1
1
12
17
2
10
17
17
5
6
4
5
68
8
147
105
84
7
88
15
48
10
22
336
116
4
1
144
17
62
171
71
30
6
1
13
6
3
22
5
2
7
1
110
1
12
52
2
2
12
3
5
1
14
8
6
31
1
2
1
6
88
19
6
46
125
6
3
12
40
22
14
25
8
8
6
4
21
3
1
17
1
1
2
4
3
2
3
12
2
2
1984
5
346
7
89
9
2
1
1
6
3
1
3
88
20
6
1
2
3
16
857
12110
5357
279
30
5
4
20
12
1
47
10
896
4
41
3
5
4
8
13
10
319
1
22
15
6
1
1
10
6
23
154
4
8
2
5
2
2
1
24
670
6
2
14
26
10
1
3
575
1
10
9
8626
1566
547
120
6
360
8
53
33
4
6
4
24
1
47
218
2
47
17
17
279
115
2
518
185
161
29
340
157
13
37
129
56
13
13
1182
2
2
7
5
101
695
12
36
59
992
103
18
2
47
28
115
45
351
73
483
5
243
4
6
5
3
1181
1
9
10
39
6
22
284
24
14
2
10
13
2
6
15
4
1757
11
5
8
2
1
16
14
6
52
345
120
38
3
44
184
8
49
7
4681
699
7
30
12
1
3
2
3
53
70
55
55
299
182
45
3
7
12
30
20
111
121
115
5
310
89
83
196
15
2
3
3
3
7
1
6
3
3
3
2
2
1
3
2
1
1
95
33
4
1
1
51
5
29
8
5
11
2
38
7
32
43
5
4
3
1
4
1
3
32
1
1
3
1
1
1
1
1
247
101
25
535
265
10
1
30
1450
329
15
7
101
1
37
5
1
1
37
335
863
59
78
17
7
6
1
8474
6042
787
1
2
35
17
9
3
15
153
209
8
33
7
77
7
62
12
3
55
14
2
11
52
48
3
11
17
5
87
36
7
4
4
291
80
161
3
1
64
6
3
2
1
9
3
9
1
27
2
23
27
4
1
9
6
5
390
143
92
139
6
5
9
7
22
29
75
42
4
15
177
154
92
123
769
126
6
23
5
4
2
72
40
37
32
2
6
4
12
10
7
5
30
10
102
21
198
160
15
105
16
225
33
61
83
7
43
5
5
5
25
249
292
90
93
3
5
93
688
28
45
317
28
105
13
76
50
52
7
42
49
12
20
9
3
2
1
2
57
32
12
4
5
9
2
1
7
16
1
4
9
6
10
6
4
2
2
28
7
15
8
9
405
1
8
9
13
2
2258
10
1
5
2
14
11
25
2
1
2
6176
140
746
90
14
2
15
57
12
1
2
260
182
92
14
1
1
4
4
2
1
184
173
1
8
6
16
15
1
13
4
5
2
13
8
2
857
1
16
2
98
6
24
8
4
4
3
8
83
171
1
39
3
32
9
15
5
1
44
2
1
7
2
26
2
105
70
82
2
1
6
8
2
20
176
518
816
140
59
1949
819
1539
932
16
78
77
843
1
4
1
4
12
10
2
5
4
2
2
3
1
36
39
5
1
28
3
8
2
2
2
4
2
22
2
24
33
9
48
7
5
3
1
2
1
66
6
6
52
13
29
10
4
28
5
4
2
2
2
9
2
7
59
8
3
13
5
4047
304
34
1
2
3
3
25
5
2
26
2
9
1
24
30
16
10
9
3
3
1
10
3
2
108
12
3
11
12
14
1
11
4
4
2
6
2
11
10
11
3
33
1
16
11
4
22
1
7
95
1
9
2
9
1
3
1
3
2
1
2
1
210
111
43
17
44
65
2
1
1
8
4
2
5
49
64
13
2
11
9
4
9
16
9
2
2
2
2
10
2
11
2
1
1
7
5
91
3
2
7
1
18
3
1
1
1
1
1
1
1
13
1
7
32
2
22
9
1
17
1
2
1
11
5
710
2
6
81
10
1
96
11
1
2
11
8
4
7
6
3
5
11
8
8
46
35
11
7
11
3
55
1
31
2
2
46
5
6
4
3
3
1235
611
6
245
15
24
2
4
2
14
17
7
25
4
73
29
11
6
36
9
33
14
5
11
10194
9119
10165
9085
3202
1896
3396
164
12
10
1
3
1
186
2
125
1
2
2
1
1
2
20
14
2
2
47
5
8
1
41
9
2
9
284
8
3
2
1
1
45
55
1
1
10
1
135
177
1140
5679
29
11630
6987
577
1977
711
1287
493
795
331
168
67
267
141
5823
159
5563
51
97
165
101
623
33
5
242
135
344
1677
575
14990
2
1
2
4
76
122
2
102
3
214
21
168
1
7
278
30
6
2
493
186
7
5
1
2
5
29
5
20
7
4
2
11
53
4
9
32
1
4
68
2
9
2
1
437
2
8
13
1
15
5
96
85
36
3
11
14
6
3
38
2
7
13
1
1
4
68
1885
1
4
5
56
1
1
199
1
3
1
1
4
6
1
1
1
2
24
75
1
1
6
3
4
2
50
8
1
7
5
1
1
2
2
6
2
6
3
1
2
1
4
6
10
3
3
1
3
1
67
2
3
5
1
1
11
6
28
6
3
2
6
6
5
13
11
12
2
3
3
1
2
6
3
4
5
3
3
2
2
3
4791
2
6
7
108
4
1
2
2
10
5
2
3
2
2
5
27
2
19
1
8
1
1
15
1
5
1
3
2
214
4
1
1
1
3
3
1
1
1
2
1
6
2
109
1
10
1
1
6
2
4
4
2
3
3
2
3
2
1
3
745
9
6
2
1
1
2
5
65
